235698 22731 Mumbai Express
223654 S1 72 235698 F
102365 S2 72 235698
110302 S3 72 235698
101025 S4 72 235698
336451 S5 72 235698
120812 S6 72 235698
136565 B1 72 235698
756465 B2 72 235698
456512 B3 72 235698
431552 A1 48 235698
184632 12802 Purusottom Express
326456 S1 72 184632 F
102365 S2 72 184632
456621 S3 72 184632
754515 S4 72 184632
100325 S5 72 184632
130254 S6 72 184632
203316 S7 72 184632
335464 B1 72 184632
994514 B2 72 184632
124663 B3 72 184632
758412 B4 72 184632
665640 B5 72 184632
364581 B6 72 184632